23.815690042315 
-9.643871785890 
437.154021297558 

15.322113049720 
-2.951842075626 
426.087836641532 

-2.580579306193 
-32.193651092331 
440.717479390849 

-16.405953644467 
-35.365723357245 
445.506062194136 

25.178516165567 
-27.591387249795 
437.630493543361 

11.049630313293 
-12.158636086973 
423.541671421090 

-23.619155928384 
-26.327207041415 
437.323244898157 

-16.397977601168 
-32.115183859301 
442.881226426592 

5.526351609150 
-18.816531059119 
429.968902129718 

18.176291776998 
-18.339062387262 
429.220322650166 

14.514015807392 
-21.236629207871 
439.919572807262 

-4.670687472540 
-9.335025395063 
432.215637499910 

