-0.266515547951822
-0.284613460279644
-0.332914320060974
-0.334420310425548
-0.319704230935933
-0.321374851247812
-0.323045438043092
-0.324715991322891
-0.326386511088123
-0.394748489072673
-0.396417178361535
-0.393029752908621
-0.394698263836488
-0.396366741317638
-0.398035185353154
-0.399703595943986
-0.401371973091151
-0.403040316795666
-0.404708627058513
-0.394412077901887
-0.379632154995045
-0.381300721702146
-0.382969254963011
-0.384637754778689
-0.386306221150129
-0.387974654078350
-0.389643053564402
-0.391311419609199
-0.392979752213862
-0.394648051379304
-0.396316317106579
-0.397984549396702
-0.399652748250587
-0.401320913669356
-0.402989045653956
-0.404657144205405
-0.406325209324720
-0.407993241012850
-0.409661239270846
-0.411329204099725
-0.412997135500470
-0.414665033474098
-0.437900707730055
-0.430903724256421
-0.432569563992332
-0.447276494797769
-0.432594427857475
-0.434245255259382
-0.435865055388665
-0.437261324030794
-0.438724988731658
-0.440214301711688
-0.443820537630489
-0.445448525463313
-0.446886853831148
-0.432185173712282
-0.433849503689611
-0.435513800379856
-0.437178063784000
-0.438842293902995
-0.440506490737962
-0.442170654289749
-0.160100267377561
-0.145258063809841
-0.146926226564398
-0.148594355935863
-0.150262451925324
-0.151930514533732
-0.153598543762142
-0.155266539611507
-0.156934502082811
-0.158602431177143
-0.160270326895388
-0.145512562938153
-0.147027914173063
-0.148659760371314
-0.150328086618942
-0.151997774531942
-0.153666052933502
-0.155412648016111
-0.157156319291240
-0.158820964344636
-0.160334983414820
-0.161741243120203
-0.146907566672773
-0.148575484377676
-0.150243368709050
-0.151911219667813
-0.153579037255055
-0.155246821471692
-0.156914572318814
-0.158582289797408
-0.160249973908390
-0.161917624652884
-0.163585242031774
-0.165252826046182
-0.166920376696957
-0.152248415303699
-0.153756776813896
-0.155309830966578
-0.156832994533668
-0.158392801404460
-0.160023100674176
-0.161617160437952
-0.146888911520269
-0.148556617612282
-0.150224290339211
-0.151891929702077
-0.153559535701797
-0.155227108339497
-0.156894647616126
-0.158562153532604
-0.160229626090053
-0.161897065289391
-0.163564471131673
-0.148870126454137
-0.150399731160229
-0.151920292957574
-0.153511606953592
-0.154988700714893
-0.156585420093227
-0.141867577356759
-0.143535171965474
-0.145202733214527
-0.146870261105005
-0.148537755637827
-0.150205216814049
-0.151872644634655
-0.153540039100634
-0.155207400213006
-0.156874727972722
-0.158542022380871
-0.160209283438407
-0.161876511146281
-0.163543705505583
-0.148745932641624
-0.150195681867656
-0.151680479859610
-0.153275875817764
-0.138514700031301
-0.140182149814379
-0.141849566244340
-0.143516949322103
-0.145184299048757
-0.146851615425254
-0.148518898452545
-0.150186148131722
-0.151853364463701
-0.153520547449573
-0.155187697090254
-0.140384418347401
-0.142013971311496
-0.143748606637732
-0.145450810626644
-0.147016420182935
-0.148579855747421
-0.150070368417516
-0.151524988851095
-0.136829844836880
-0.138497116471458
-0.140164354760387
-0.141831559704585
-0.143498731305141
-0.145165869562974
-0.146832974479104
-0.148500046054553
-0.150167084290273
-0.151834089187353
-0.153501060746746
-0.155167998969404
-0.156834903856382
-0.158501775408668
-0.160168613627282
-0.145486577963306
-0.147058573173606
-0.148618592835514
-0.156608356369275
-0.141813557735826
-0.143480517912744
-0.145147444755396
-0.146814338264837
-0.148481198442055
-0.150148025288002
-0.151814818803767
-0.153481578990235
-0.155148305848495
-0.156814999379568
-0.158481659584304
-0.160148286463896
-0.161814880019193
-0.163481440251285
-0.148743891881428
-0.150177922118041
-0.151725394309868
-0.153393179023565
-0.155061966244102
-0.156731910156206
-0.158255972869450
-0.159815378652586
-0.145129024624294
-0.146795706780650
-0.148462355613207
-0.150128971122990
-0.151795553310984
-0.153462102178246
-0.155128617725692
-0.156795099954345
-0.158461548865225
-0.160127964459286
-0.161794346737617
-0.163460695701171
-0.165127011350901
-0.166793293687861
-0.168459542713006
-0.170125758427390
-0.155381059474417
-0.156785152135509
-0.158215552103029
-0.159798702936805
-0.145110609167890
-0.146777080024686
-0.148443517566219
-0.150109921793440
-0.151776292707268
-0.153442630308829
-0.155108934599005
-0.156775205578888
-0.158441443249428
-0.160107647611614
-0.161773818666502
-0.147041092792213
-0.148603882036385
-0.150201443414499
-0.151833086994611
-0.153498793003302
-0.155033458445081
-0.156600196542425
-0.158164652927803
-0.159826418163445
-0.161558588260005
-0.163326895567528
-0.165061497020624
-0.166727876259181
-0.168294126668289
-0.169960558752932
-0.171594206578408
-0.156888679210228
-0.174791439441065
-0.160087335918821
-0.161753295803781
-0.147014816840299
-0.148680933921312
-0.150380821827287
-0.152046871845013
-0.153679085358920
-0.171748355892850
-0.173414082713575
-0.175079776243333
-0.160376622460214
-0.161908072260993
-0.163474480996224
-0.165140267834823
-0.166806021381746
-0.168471741638049
-0.170071808540352
-0.171704717980648
-0.173370339712667
-0.175003054999472
-0.176668610607468
-0.178367005192574
-0.179966620480364
-0.181532287799567
-0.166729824720616
-0.168395440337395
-0.170061022668717
-0.171726571715606
-0.173392087479013
-0.175057569959962
-0.176723019159439
-0.162018814805246
-0.163499985516473
-0.165092197637449
-0.166836341437090
-0.168502400940649
-0.170088028151897
-0.171679374161871
-0.173277152651807
-0.174910983494373
-0.176645154714401
-0.178344124537349
-0.180009661452064
-0.181609041717890
-0.166664180371605
-0.151742317408298
-0.136523434349277
-0.0550944631524057
-0.0231798663993574
-0.00816182986345670
-0.00969594606014491
0.00493726312538393
0.00326959104178306
0.00166760631366014
3.28913169091200e-05
-0.00156890036367383
-0.00326946128058094
-0.00496985821974422
-0.00667009195075200
-0.00827188295105450
-0.00990627207036316
-0.0114738072688831
0.00320163209673339
0.00175607992643448
0.000176220292701023
-0.00157935828556583
-0.00324655997628106
-0.00478057075178421
0.00990619907437665
0.00827165787099267
0.00663701936101443
0.00493663682650507
0.00330206407192773
0.00163463641525572
0.0164100571178893
0.0148748106544963
0.0132952491170172
0.0116717229781016
0.0100042340121176
0.00829301496018736
0.00658171542050919
0.00504596021854853
0.00351175013798310
0.0181415560459749
0.0164054779939055
-0.00166725571399260
0.0130327755090685
0.0114009706311406
0.00987021533840527
0.00820392586144158
0.00660329303980392
0.00493601068655427
0.00330164525767264
0.00166718329925787
6.58959242199022e-05
-0.00146709262913904
-0.00309946073830835
-0.00476559860168897
-0.00643360055012524
-0.00813537035863900
-0.00977040783405348
-0.0113698877304312
-0.0130368086263913
0.00166707757920003
5.90282749720101e-15
-0.00166704426889508
0.0132364789699585
0.0117030461418045
0.0101707240183565
0.00847017781947974
0.00673503699140520
0.00503415716093640
0.00339960701001515
0.00173260093532590
3.27496137331721e-05
-0.00163418939944540
-0.00333384382791622
-0.00493509030291306
-0.00653578647445438
-0.00820259362386959
-0.00990250348980470
-0.0115015236196660
0.00333376566132603
0.0182351671681432
0.0167023764305299
0.0150681920850385
0.0133021381946831
0.0116023967089502
0.00993543729812815
0.00830138780341114
0.00666724179307725
0.00500038139495101
0.00333355429736841
0.00166676049937454
2.67553060172402e-14
-0.00166672720180064
-0.00326780305070824
-0.00483506426476652
0.0100004284330310
0.00846659267547256
0.00688845871757331
0.00508860125908614
0.00333334296021621
-0.0147674221466073
1.26029448524573e-15
0.0147007274971967
0.0131683044555873
0.0116009256160342
0.00999979445131653
-0.00793598287853160
-0.00964699671637108
-0.0113134233196209
0.00328328385909206
-0.0146461766674938
3.27413095239241e-05
-0.00160090525882737
-0.00320126034562164
-0.00483445127741337
0.00991039554785553
0.00855357727048612
0.0232331420986942
0.0215332408239345
0.0197998478244007
0.0181331464622530
0.0164664783917787
0.0148664983210184
0.0132330256286553
0.0115994548960984
0.00996578689639597
0.0246001802907262
0.0230224779698284
0.00499911358785468
0.00326710413025283
0.00156773769893344
-0.000131724963876189
-0.00176490215950372
-0.00339817738811695
-0.00496607824144404
-0.00656642532228414
-0.00823220772257873
-0.00979818292264734
-0.0114642906074626
-0.0130967112230647
0.00175533597505692
0.000221571339211341
-0.00157745371049567
-0.00324362066940555
0.0114986086079153
0.00993165908732753
0.00829823101412388
0.0229751287573281
0.0214416199076284
0.00348149467962270
0.00171596118686622
0.0162649869128228
0.0145986717485519
0.0130213618470756
0.0114876913990873
0.00990927893632295
-0.00793503611591596
-0.00984804801162415
-0.0117607271249352
-0.0134269782758546
0.00140192184535297
-0.000176063813896550
-0.00157772389535310
0.0132296711835860
0.0115965145747070
0.00999599224843693
0.00839550142254902
0.00672945192049433
0.00506343568624884
0.00336459410352111
0.00166591554268319
1.57984734772978e-14
-0.00166588227882488
-0.00326614650204801
-0.00489897715834412
0.00981883655647781
0.00819716773894638
0.00639796010518988
0.00464119600652816
0.00301818915883957
0.00144221062186412
2.96577712850631e-14
-0.00148880234977844
0.0132279945986997
0.0115620586891365
0.00992914187610562
0.00836158170451568
0.00676158409527407
0.0214788629734130
0.0199013577105331
0.0180593486584630
3.18940747794905e-14
-0.0179251565467949
-0.0196351000003615
-0.00489776973175472
-0.00661325573159146
0.00806435006371069
0.00671547365253633
0.0212589632706653
0.0195922939731298
0.00162188224282902
1.83680914211167e-14
-0.00157732406928356
0.0132263184386912
0.0115605936396636
0.00992788374895931
0.00826222500729255
-0.00972818837019912
-0.0114385483996702
-0.0130160002729423
0.00166549338547934
2.99728129453103e-14
-0.00166546013848652
-0.00333088703098706
0.0112618588640964
0.00972950477351905
0.00801966273580316
0.00635414606694286
-0.0117071350844174
-0.0132565357449466
0.00157762009930117
2.06344594251923e-14
-0.00170929522801524
-0.00337450039275441
-0.00503967292688549
0.00962943240988622
0.00801252206175673
-0.00977194109934269
-0.0113038914442494
0.00329788070473358
0.0179222482767232
0.0163899626184529
-0.00146739840013645
-0.00298457332225733
0.0115258088810248
0.00981603475044144
0.00806293267009643
0.00639762640210588
0.00477594341848677
0.00328645023056407
0.00166517690797292
1.16470937270264e-14
-0.00157738936934278
-0.00315520911461905
-0.00468779429099415
-0.00630751260537211
0.00822715888742504
0.00652885313665247
0.00486368379147440
0.00323164949787453
0.00159951721886083
-3.27122732215234e-05
-0.00169775003961879
-0.00336275457688138
-0.00499501494970406
-0.00659440370039405
-0.00822634151415431
0.00639542134165216
0.00473105844973048
0.00306672508290767
0.00148993614269346
-0.000131098338502418
-0.00175244531976088
-0.00332983230274792
-0.00495082822256166
-0.00661554600783702
-0.00845663638719512
-0.0101214012340385
-0.0116979320674750
-0.0132305652491728
0.00153220189451291
0.000247499233158938
-0.00146663423568618
0.0130557428764735
0.0113464828921706
0.00972580792153410
-0.00817531505359400
-0.00984056463888155
-0.0114564772551609
-0.0131206869394622
-0.0147352707576371
-0.0163993129535171
-0.0179648265545172
-0.0195801934332726
-0.00499406607384526
-0.0228600271504698
-0.00832327738210413
-0.00998783321693444
-0.0116087804486299
-0.0133168452528786
-0.0149813014560065
-0.000295496809871562
-0.00181192710961705
-0.00337820629024635
-0.00504275569849090
-0.00675637333216958
-0.00842085565202653
-0.0100853047635608
-0.0117006212382114
0.00356748564433811
0.0185088299840796
0.0332929805668277
0.0648811148381437
0.146515211752201
0.178346360131390
0.193399204193980
0.208301911518284
0.206782628263427
0.205215501821230
0.219812254859638
0.218188791851013
0.216609318745503
0.214985687668347
0.229703950213867
0.227987096361039
0.226319322356216
0.224651284157809
0.206825913790238
0.205203289487468
0.203491627092802
0.201735816792025
0.216216079044597
0.214599340586461
0.212981558562507
0.211363711171189
0.209794937455822
0.208557487638771
0.223206724482444
0.221495608613620
0.219784411402717
0.217985343066175
0.216318168218668
0.214915085194509
0.229675244273800
0.228073784588727
0.242790353574858
0.241122893489290
0.206755304232703
0.205044060774183
0.203288906154024
0.217904695610982
0.216485841991796
0.214818902018370
0.213002932931850
0.211286440716987
0.209669026647547
0.224538600203363
0.222959516769101
0.205114392838912
0.203248918926166
0.201483304953508
0.199816565982648
0.214544682712349
0.212983450536956
0.211448351877586
0.209667541010728
0.207912741141699
0.206289689320184
0.204754786057239
0.219676828701227
0.218207426396161
0.216607177756528
0.231352652612710
0.229818877675234
0.228195364658578
0.226527368653145
0.224816618729035
0.206853197391263
0.205136758024445
0.219772687929929
0.218194658958485
0.216707740280638
0.215085662796582
0.213461474313028
0.211791642775994
0.210036092862452
0.208325215602645
0.206702942557477
0.205036417277976
0.203325641572859
0.201615016863492
0.199860608466116
0.214517038981483
0.213295861952248
0.227990706337546
0.226280256610767
0.224613549025191
0.222946874690388
0.205111565991262
0.203395378046905
0.217928705791342
0.216473697334307
0.231105676607770
0.229488291957770
0.227822017599588
0.226106167602459
0.224340745189444
0.222723883633901
0.221156462826723
0.219588293742664
0.218119459960577
0.216552328200160
0.214984441998072
0.213267879570338
0.227741963554757
0.209786823891326
0.208169761569574
0.206503522105052
0.221181184493712
0.219593759852735
0.234343483967282
0.216471855383757
0.214806601516090
0.213141219334107
0.211475164259317
0.209719756608315
0.208053297684046
0.206386818434425
0.220930655766025
0.203054653221767
0.217959646952467
0.232754612289310
0.231176990440825
0.229642917462310
0.211690864806165
0.209908656135470
0.208341877871102
0.206725635977496
0.221398763055162
0.219908506281433
0.234577526033706
0.233010574697047
0.231294662673688
0.213351995398665
0.211367670362014
0.209807668160235
0.208407032296130
0.222914389935258
0.221297479312894
0.219631398388829
0.218014359084908
0.216446648560891
0.214928847397704
0.213312483767672
0.227991285715050
0.226237792574286
0.224527564724017
0.222773099698601
0.221107559531412
0.219398476566787
0.217864293340330
0.216329335943126
0.214794752424266
0.229549628169887
0.211595539710954
0.209841348682858
0.208043857567832
0.222787197693301
0.221318667144698
0.236090811432529
0.234687880976593
0.232916748404320
0.231119273278272
0.229399991080340
0.227681076312297
0.209905106436123
0.208239465135990
0.206622852621229
0.204907698313122
0.203193161846651
0.201478563106774
0.199813089197130
0.214328647759596
0.212689979783201
0.210998882580657
0.209332906515572
0.207772540936408
0.206317284067519
0.204704232277655
0.203091377750942
0.217860995568211
0.216293780765626
0.214775978333221
0.213159442874838
0.227678848294730
0.226013499564517
0.224453429724570
0.222682232953030
0.220911238969251
0.219246190080703
0.217791322537785
0.216335984285929
0.231255948772950
0.229639488677537
0.227974067513639
0.226357866242349
0.224692025649413
0.222977227896371
0.237512410543328
0.236031809116366
0.218266026995362
0.249281471548662
0.247275032855232
0.229369700279828
0.227651701013468
0.226117027719505
0.224609690822626
0.223158656023692
0.237589817211128
0.235825007587721
0.234194606237795
0.216361517083704
0.214485739211130
0.212767877291175
0.227698932047692
0.226181395746552
0.224730437121896
0.223163453578313
0.221399011904962
0.219569330526112
0.217855046483894
0.216287938282843
0.214671974883517
0.213006868988546
0.211341796282679
0.209726026581682
0.224449122280378
0.222889310860878
0.221434955457728
0.219876375175448
0.218265140196156
0.232830072457016
0.231049908959408
0.213161802121885
0.211338645955895
0.209568588293662
0.224159729242720
0.222713543704039
0.221266526050826
0.219601641911557
0.234464075399218
0.232904103684829
0.231449874874786
0.246007676022135
0.244440424641906
0.226296166323480
0.224368251824548
0.222492356163608
0.220879883497147
0.219373395739845
0.217866104667187
0.232696492898438
0.231228563915023
0.229563548502362
0.228129515108537
0.242602101114807
0.240936713003519
0.239166318019158
0.237501663047454
0.219771944288462
0.234224677461258
0.232321987311252
0.214470472422565
0.212756821103070
0.227459129138344
0.226267543908879
0.240981357301169
0.239316163525750
0.237749431074627
0.252455934481267
0.251080451196939
0.249634186151932
0.281259539336678
0.329038325237601
0.344391130313721
0.392048660834177
0.423954319301492
0.438958749693146
0.470020444004214
0.485107182362690
0.483636369033343
0.482014185940821
0.480227880168152
0.478500631396144
0.460713694845935
0.475932603647076
0.507255326307444
0.521919253627218
0.504101658607540
0.502378784341693
0.501051287460541
0.515639286317614
0.513918280068010
0.512249837997107
0.510528983219522
0.508860773569368
0.507402045443227
0.505891148656173
0.504275559824410
0.502554621808194
0.500833801406562
0.499113098419405
0.513718912429414
0.512324764864087
0.510766075841427
0.509207778429198
0.523706249870694
0.522037822136311
0.520369427662097
0.518648458476897
0.500756938890122
0.498924458415479
0.497201906222549
0.495533973904254
0.493920445313402
0.492361460829924
0.507157720820804
0.522050625742673
0.520600623237800
0.519074495765900
0.517461057080253
0.515847320205942
0.514037031726438
0.512150560846901
0.510482469650233
0.508868996061875
0.507507644599750
0.522233718114668
0.520617968810891
0.518949815039589
0.517333965344673
0.531774390301805
0.530106116267698
0.512172747962091
0.510448202167215
0.508836808996055
0.507319031036239
0.505669530083586
0.503945562940260
0.502334042250182
0.500779043690851
0.499223441353566
0.514136930529320
0.528731419655291
0.526894335210012
0.508887032567547
0.523389633555414
0.521890476518914
0.520615860144765
0.519060582936929
0.517017492438266
0.498961960784072
0.497272515252666
0.495802279604970
0.510544958104637
0.508877215438049
0.507157081352063
0.505620692924101
0.520535277475505
0.535497342058376
0.550042931672876
0.532357658358837
0.530594894834832
0.528964612422802
0.527296989213112
0.525366032117249
0.507522502583030
0.521996844795854
0.520512773169030
0.535446543958245
0.533778852765671
0.515589101479118
0.513684517629976
0.495455021122597
0.493787612320631
0.525131798944438
0.507489338980133
0.522065449604465
0.536729125404479
0.518845327523024
0.500745346123899
0.498815874800943
0.497205176833282
0.495538292232937
0.510124958021209
0.508621299444626
0.507172232768756
0.505823548103996
0.520577782676723
0.518962925935101
0.517242773779646
0.531791262494456
0.530178761770523
0.528565789405955
0.526788867600500
0.524957202585374
0.523235276054284
0.505422115495043
0.503698297094421
0.501974831606360
0.516931612778463
0.515723322132183
0.530310469511940
0.528849297167992
0.527389020894031
0.541784437938239
0.523829332565916
0.521842031013322
0.520024653620453
0.518526317435156
0.517083972115182
0.515360451915242
0.513524727680190
0.511688978171676
0.510133822797970
0.508635861524590
0.507137865288821
0.505526714527647
0.503953703792671
0.518780453080153
0.533484537374716
0.531591638245237
0.529830761809820
0.511766371356751
0.510099452104130
0.508375109677227
0.506921461530908
0.521513417888948
0.519958905282956
0.518629641160389
0.517074932236229
0.515596298158266
0.530044554429079
0.528377224012924
0.510464197847703
0.508871527935745
0.523354058298722
0.521703525693743
0.519880120173910
0.501960127071839
0.500481091667383
0.515314230082803
0.513811404442486
0.528359124614454
0.543095476687137
0.541537699339566
0.540089411357107
0.538367614493948
0.536591232107728
0.518338761158516
0.500477019898403
0.515005097568943
0.513394769579626
0.511952880583439
0.510229773050356
0.508506890115876
0.506728285828647
0.521408463569919
0.519970993458070
0.518459667329380
0.516850303457659
0.515282116443097
0.513631630310277
0.512137247988150
0.526607684931951
0.524884810038061
0.523218040966718
0.521607375428921
0.520125642983041
0.518444315111782
0.516602534391630
0.498878340745620
0.513442075700308
0.511775535919115
0.526284648819986
0.508666939302699
0.507095199641904
0.521686356454412
0.519965222842118
0.502190345864691
0.516514002320813
0.515077539310943
0.513525662894370
0.511973873105694
0.527061774442405
0.541774974621735
0.540165298135332
0.538498751032966
0.536660360168028
0.534780745715649
0.516766067216506
0.498783397062929
0.496633647814079
0.511728156233080
0.526619789699487
0.541570848275414
0.540122933788342
0.538456283603018
0.536556336305390
0.534831385544337
0.533004684395017
0.515283214575360
0.529919377529903
0.528427379688199
0.526761114811640
0.524978331579730
0.523020887081931
0.521238128180965
0.503406212669623
0.501797386282780
0.500188647709422
0.514631053934088
0.513081652978798
0.511808781857327
0.526569578315542
0.524944112193123
0.523277868259230
0.537834450472171
0.536342644286477
0.534909727911258
0.517071879583502
0.515233357880239
0.513493867114288
0.511885588060717
0.526463986928817
0.541056812064086
0.523420942648391
0.521637689823314
0.536431384061390
0.535184730977334
0.533474251675434
0.531526083352210
0.529589590555964
0.511598556566028
0.509990848941607
0.508252054976412
0.506469932411058
0.504862343008132
0.519536407739181
0.518042278993084
0.532724162014303
0.531335002745853
0.513502762684471
0.511836958172854
0.526409661350300
0.541087386645201
0.539379458888331
0.521511716645944
0.519845918844928
0.502024364401024
0.500103492401948
0.514385173830991
0.512878902391033
0.511329708044510
0.509963271996235
0.508654198961035
0.523306414328287
0.537991820571102
0.536382135678687
0.534622311793833
0.532787571872005
0.531234279467246
0.529718545097532
0.528276756883183
0.542724882503903
0.524945220749885
0.539450500725698
0.537956888405734
0.536405441911495
0.551133104063434
0.549422612690203
0.531777508513413
0.546047388922749
0.544230987759713
0.510049711413343
0.524261405318164
0.522637774568199
0.521668343697238
0.552782808228414
0.567708327822395
0.549778472258031
0.547842775581079
0.530001434288244
0.544453951674039
0.542845387016674
0.541490091550334
0.540078857222858
0.538413614604150
0.536690337913816
0.534770381650254
0.532564244485869
0.514662394889520
0.513146655281575
0.511537583154973
0.526287222784201
0.524991147272690
0.539671227782788
0.554288440318464
0.536246643363531
0.517894637673757
0.515974725572432
0.514285701546804
0.512858318179824
0.527744550275521
0.509977898253962
0.508370240160249
0.506647721020050
0.521141634546311
0.519811079033095
0.534604475634675
0.549153168324577
0.547880828130075
0.562621047942032
0.561012655988336
0.559404239222425
0.557624275391787
0.539567864025522
0.537669937999519
0.535931847640067
0.534382805872553
0.532673544129805
0.531080900115315
0.513342394296985
0.511578767071429
0.509684528165182
0.507905152078858
0.506240295583676
0.520769378798083
0.535633128343163
0.534643360719741
0.533037305109604
0.531549101582171
0.546088014226994
0.560761757389285
0.559377756100715
0.557712294675616
0.556001161085823
0.554512214593577
0.553023713540388
0.567706634530698
0.566041095331042
0.564184745220616
0.562628258521359
0.561108206656899
0.559720263175152
0.574366330366560
0.573071209041187
0.604471848700470
0.635796916338554
0.634291954948858
0.632484295640408