0.00579448270532366
0.0330635210114836
0.544627368031951
0.571524117280441
0.598088660694211
0.624988681908033
0.651888163444685
0.678787105320427
0.705685507551486
2.88163299248133
2.90849114275502
3.39136692039434
3.41821681354069
3.44506616845872
3.47191498516464
3.49876326367462
3.52561100400485
3.55245820617150
3.57930487019076
3.68645395140319
3.71307482936420
3.73992023496749
3.76676510245775
3.79360943185116
3.82045322316390
3.84729647641214
3.87413919161207
3.90098136877986
3.92782300793168
3.95466410908372
3.98150467225214
4.00834469745313
4.03518418470285
4.06202313401748
4.08886154541319
4.11569941890615
4.14253675451253
4.16937355224851
4.19620981213025
4.22304553417392
4.24988071839569
4.27671536481174
5.72437244594842
8.83015789922009
8.85691646937302
11.7710647440241
11.7978410958073
11.8245510670070
11.8512606359154
11.8779706291721
11.9046798279814
11.9313884034912
12.5190124168130
12.5457100875635
12.5724083260840
12.5992004137528
12.6258972469623
12.6525935462272
12.6792893115634
12.7059845429869
12.7326792405138
12.7593734041601
12.7878420154334
12.8146559402525
12.8413660450635
12.8680756153557
12.8947846511451
12.9214931524477
12.9482011192797
12.9749085516569
13.0016154495956
13.0283218131117
13.0550276422213
13.0818462642984
13.1085530466094
13.1352584947779
13.1619631544678
13.1886672698016
13.2153708604806
13.2420733487107
13.2687753145406
13.2954773191761
13.3221799081949
13.3488827872090
13.3757076597471
13.4024084920050
13.4291087900029
13.4558085537568
13.4825077832826
13.5092064785965
13.5359046397145
13.5626022666526
13.5892993594268
13.6159959180531
13.6426919425477
13.6693874329265
13.6960823892056
13.7229124849486
13.7496086593484
13.7763039416877
13.8029989565170
13.8296931410662
13.8563861979533
13.8830790385151
13.9099135669984
13.9366056647989
13.9632972285819
13.9899882583634
14.0166787541595
14.0433687159862
14.0700581438595
14.0967470377955
14.1234353978101
14.1501232239195
14.1768105161395
14.2036503569298
14.2303388349224
14.2570268805183
14.2837137347416
14.3104011590834
14.3370869173256
14.3639305149460
14.3906154832850
14.4172999178009
14.4439838185097
14.4706671854275
14.4973500185703
14.5240323179541
14.5507140835949
14.5773953155087
14.6040760137116
14.6307561782195
14.6574358090485
14.6841149062145
14.7107934697337
14.7376448019037
14.7643255614885
14.7910054395188
14.8176836214111
14.8445372643555
14.8712145718672
14.8978913457662
14.9245675860685
14.9512432927900
14.9779184659468
15.0045931055549
15.0312672116304
15.0579407841891
15.0846138232471
15.1112863288205
15.1381461028647
15.1648189343560
15.1914900259269
15.2181609512598
15.2448329281140
15.2715044084517
15.2981762241823
15.3248479507130
15.3517108657356
15.3783799816842
15.4050485642462
15.4317166134378
15.4583841292748
15.4850511117734
15.5117175609494
15.5383834768189
15.5650488593979
15.5917137087024
15.6183780247484
15.6450418075519
15.6717050571288
15.6983677734952
15.7250299566671
15.7518999985231
15.7785632842965
15.8052262016056
15.9385304766622
15.9654063695798
15.9920651645212
16.0187234263662
16.0453811551308
16.0720383508309
16.0986950134826
16.1253511431018
16.1520067397046
16.1786618033068
16.2053163339246
16.2319703315738
16.2586237962705
16.2852767280307
16.3119291268703
16.3388111741751
16.3654667410083
16.3921201965777
16.4187714234008
16.4454221024354
16.4720722313076
16.4987239245910
16.5253745908238
16.5522602881578
16.5789093000783
16.6055577791764
16.6322057254680
16.6588531389690
16.6855000196954
16.7121463676633
16.7387921828885
16.7654374653871
16.7920822151750
16.8187264322682
16.8453701166828
16.8720132684345
16.8986558875396
16.9252979740138
16.9519395278732
16.9788338311441
17.0054793380438
17.0321239333603
17.0587656388389
17.0856617487108
17.1123020473530
17.1389418134145
17.1655810469113
17.1922197478593
17.2188579162744
17.2454955521728
17.2721326555703
17.2987692264829
17.3254052649266
17.3520407709173
17.3789432051283
17.4055802948452
17.4322162924787
17.4588512033214
17.4854850217405
17.5121204827609
17.5387548918743
17.5653888178234
17.5920205902071
17.6186506449252
17.6452795485595
17.6719084787667
17.6985380285950
17.7251687546076
17.7517972436164
17.7784257631668
17.8053355038042
17.8316824274200
17.8585929970452
17.8852197954960
17.9121327671814
17.9387594549246
17.9653850157132
17.9920106371039
18.0186363250079
18.0449694106551
18.0715924840730
18.0982150254072
18.1251307618311
18.1517556100114
18.1783793098106
18.2050006878793
18.2316215339054
18.2582418479048
18.2848628303806
18.3114826851553
18.3381014088866
18.3647202078089
18.3913378695401
18.4179543883655
18.4445722125269
18.4711901467855
18.4981146492503
18.5247306160016
18.5513460508626
18.5779609538495
18.6045753249780
18.6311891642642
18.6578024717240
18.6847290511987
18.7113457923347
18.7379598809258
18.7645705065233
18.7911821056097
18.8177947375595
18.8444067347936
18.8710180823482
18.8976281974709
18.9242358077061
18.9508435729092
18.9774514642151
19.0040601377089
19.0309979871137
19.0579367827256
19.0848829352952
19.1131615763702
19.1404510826024
19.1674023240432
19.1940193274845
19.2209646055379
19.2475787941229
19.2741937935975
19.3008075967438
19.3274215483476
19.3540329375632
19.3806437937292
19.4072541168683
19.4338659515758
19.4604765813389
19.4870880810144
19.5140398126700
19.5406537841912
19.5672644158443
19.5938708081410
19.6204785322890
19.6470885569624
19.6740440287116
19.7006518156263
19.7272590718213
19.7538643856610
19.7804705821810
19.8070755397696
19.8340364192901
19.8606441441743
19.8872503862075
19.9138551453052
19.9404584138245
19.9670601891972
19.9936614253091
20.0202660011138
20.0468700941323
20.0738325639117
20.1004320720092
20.1266664077219
20.1536316927611
20.1802319251686
20.2068339025100
20.2334323067709
20.2600316634640
20.2866289847382
20.3132265218957
20.3398235284484
20.3664207644565
20.3930190401822
20.4196145174736
20.4462086892674
20.4728022859821
20.4993945691703
20.5259878639856
20.5525814572105
20.5791729540654
20.6061464945023
20.6327378779017
20.6593287299726
20.6863091920281
20.7129030995054
20.7394965167522
20.7660854274923
20.7926729796849
20.8192608085165
20.8458496862395
20.8724372583170
20.8990235097353
20.9256100174748
20.9521952038865
20.9787822345449
21.0053687542276
21.0319531430326
21.0585361935031
21.0851211717769
21.1121078877160
21.1390976174820
21.1656845721313
21.1922685109539
21.2188486631682
21.2454299143698
21.2720114437179
21.2985932601357
21.3251745461009
21.3517544861117
21.3783338951075
21.4049127731045
21.4314911201185
21.4580689361654
21.4846478809301
21.5112271588030
21.5382227009619
21.5648027455977
21.5913811432018
21.6179533467489
21.6445261466699
21.6706783122641
21.6976746841894
21.7246707177381
21.7512480846897
21.7778240290473
21.8043985759913
21.8305470750329
21.8571167532702
21.8836870614032
21.9106833415552
21.9368260854765
21.9638253630882
21.9903953625493
22.0169657150829
22.0435346730533
22.0705383455708
22.0971145629726
22.1241183162495
22.1506852996325
22.1772508497320
22.2038176522345
22.2303839240770
22.2569514637890
22.2835175740713
22.3100831540420
22.3366482037151
22.3636554700213
22.3902219384100
22.4163383919532
22.4428986336294
22.4694592322358
22.4960192929344
22.5225806455333
22.5491414678944
22.5757035723875
22.6022642569236
22.6288225988117
22.6553831896681
22.6819404657235
22.7084981527934
22.7355173885027
22.7620777520692
22.7886301333530
22.8151857152345
22.8422045319313
22.8687628169093
22.8953186954879
22.9223378904250
22.9488965113478
22.9749855523271
23.0015355460793
23.0285527614799
23.0551054702215
23.0816602100270
23.1082156878198
23.1347693566093
23.1608513992006
23.1873933685452
23.2139347876750
23.2404828272404
23.2675119224551
23.2940624423073
23.3206176097857
23.3476483422806
23.3741966402930
23.4007453733302
23.4272935838533
23.4538393301972
23.4803845464728
23.5069282561493
23.5334714358272
23.5600150582017
23.5865581505717
23.6131026773836
23.6396457035175
23.6666798494295
23.6932231094573
23.7197604845978
23.7462985969143
23.7728402208009
23.7993827465336
23.8259288208007
23.8524729702511
23.8795114418158
23.9060500949940
23.9325892293484
23.9591298437174
23.9856689406457
24.0127105057034
24.0392502006595
24.0657811907506
24.0918088870605
24.1178383120632
24.1443698776574
24.1714136495875
24.1979449274892
24.2249886301286
24.2515312820273
24.2785725828038
24.3051051722242
24.3311232699947
24.3576552633856
24.3841881410110
24.4112397533235
24.4377697360730
24.4643002385013
24.4908291639019
24.5168362854626
24.5433617696148
24.5698909773507
24.5969416748494
24.6234679561791
24.6499937079848
24.6765189302822
24.7035693914090
24.7300988097276
24.7566219525753
24.7831460008705
24.8091354837546
24.8356613058415
24.8627221546175
24.8892469718422
24.9157669492826
24.9422878400357
24.9688082014098
24.9958667168435
25.0223885620724
25.0483748152115
25.0748974869602
25.1019554686452
25.1290155643276
25.1555385586693
25.1815160090558
25.2080375292414
25.2350954970720
25.2616104595901
25.2881234299375
25.3146388163997
25.3411551441464
25.3676754137454
25.3941907125326
25.4207039973742
25.4472197338632
25.4737349356376
25.5002511590774
25.5267638927624
25.5538285872553
25.5803385183039
25.6068490523854
25.6333601952450
25.6598708083613
25.6863808917537
25.7128893152708
25.7393972097597
25.7659057091812
25.7924148236840
25.8189222835551
25.8459954975481
25.8725017184910
25.8990074104146
25.9255156376291
25.9520217931868
25.9785274127841
26.0050340542814
26.0315386388020
26.0580411547613
26.0845369035548
26.1110383475567
26.1375423920713
26.1640474768791
26.1911320986972
26.2176459415155
26.2441439625792
26.2712222354710
26.2977203037592
26.3242210159399
26.3501360043909
26.3766331155671
26.4031314759164
26.4296275675801
26.4561249247461
26.4826199657046
26.5091180528369
26.5356138093812
26.5626989380262
26.5886019595494
26.6156861172648
26.6421789139680
26.6686727787938
26.6951629216215
26.7216541326034
26.7487467799216
26.7752433402675
26.8017375469886
26.8282276002334
26.8547153057813
26.8812042991784
26.9076927640901
26.9341825281994
26.9613012147910
26.9884091387108
27.0155125845167
27.0432468275272
27.0728618508991
27.1006148044558
27.1277397432640
27.1548604370018
27.1813626476701
27.2078625367230
27.2349739222048
27.2614715773800
27.2879703782681
27.3144669796269
27.3415856098513
27.3680785541094
27.3945728379755
27.4210665816239
27.4469405165463
27.4734340043147
27.4999235442634
27.5264108492585
27.5535236843640
27.5800162229986
27.6065081971660
27.6329996445846
27.6594924714979
27.6859976521689
27.7131204893288
27.7396071756484
27.7660933237685
27.7925755025626
27.8190622986397
27.8455589171200
27.8726895679672
27.8991783277903
27.9263090695772
27.9527951304340
27.9779893307376
28.0044707005451
28.0309497962566
28.0580776949747
28.0845700203709
28.1110519758071
28.1375274643636
28.1640063746543
28.1904887080945
28.2176302098590
28.2441139890011
28.2699445073338
28.2964147933821
28.3228885455623
28.3493657415898
28.3765041277318
28.4029854812829
28.4294673752711
28.4559387948097
28.4824107273602
28.5088874758708
28.5353672883760
28.5625175033605
28.5889999172693
28.6154764749750
28.6426217412588
28.6691009300217
28.6955759201628
28.7220485567863
28.7485189033459
28.7743185752060
28.8007866737199
28.8279303870633
28.8544040957784
28.8808810631805
28.9073519097874
28.9338221443288
28.9602899538110
28.9867536592652
29.0132186902780
29.0396868915652
29.0661527156900
29.0926161550295
29.1190790661904
29.1455396019507
29.1726905539851
29.1991734454059
29.2263278296370
29.2527900045073
29.2792534967951
29.3057164611378
29.3314925054735
29.3579513676075
29.3851014057245
29.4115712742137
29.4387272983963
29.4651901510441
29.4916503876268
29.5181079702420
29.5445628904041
29.5710236541641
29.5974860220155
29.6239478399042
29.6504134261789
29.6768742590708
29.7033345416660
29.7297878654608
29.7569430177923
29.7826908260472
29.8091468700847
29.8356002488111
29.8627659050100
29.8892226161148
29.9163932158240
29.9421367968017
29.9685885387398
29.9950397460952
30.0214903949150
30.0479365814761
30.0743861492748
30.1008351871273
30.1280000848530
30.1537317108223
30.1809134347240
30.2080916713488
30.2345439286875
30.2609976045328
30.2867194837147
30.3131601127811
30.3396098200596
30.3660567981458
30.3932325886967
30.4196851139216
30.4468625168927
30.4733115155570
30.4997532927358
30.5254632951865
30.5518909501995
30.5783372102943
30.6047901632621
30.6319631857796
30.6584062567945
30.6848465717732
30.7112885878636
30.7377323266858
30.7641778233020
30.7906183095516
30.8178029957439
30.8442371063269
30.8706726603381
30.8971056510439
30.9235421874386
30.9499761925363
30.9764177180840
31.0028586945268
31.0292991747406
31.0564921087472
31.0821725760679
31.1086013317981
31.1350275395959
31.1622216282423
31.1886630090871
31.2158602489458
31.2423046193434
31.2687313009166
31.2951562102600
31.3215842355067
31.3480117431935
31.3736853147984
31.4001133244142
31.4265431116476
31.4529677353106
31.4793918538692
31.5058154353324
31.5322408046888
31.5594314333730
31.5858579544635
31.6122814628666
31.6387056331321
31.6651342975723
31.6915674506787
31.7179925770203
31.7444171904718
31.7716242034078
31.7980509061211
31.8244794590204
31.8509027650399
31.8781004311767
31.9045212805874
31.9309466696022
31.9573613670114
31.9837755336251
32.0101942781209
32.0366226608535
32.0630505169237
32.0902718426568
32.1166918188705
32.1431088928897
32.1695278336917
32.1959438336285
32.2223569173490
32.2495630172906
32.2759874255415
32.3016141695504
32.3296291812451
32.3560272083444
32.3816436537412
32.4080538096218
32.4344724581611
32.4608919413236
32.4873136934950
32.5145197396696
32.5409258830199
32.5673381439039
32.5929464290239
32.6193445207263
32.6457499089275
32.6729832373152
32.6993985023737
32.7258165772267
32.7522283551368
32.7786297448222
32.8050273296579
32.8314301498943
32.8578398198457
32.8842465194236
32.9106502256966
32.9370534056869
32.9634585425612
32.9906875671737
33.0170954332977
33.0435081169176
33.0699150200551
33.0963187386301
33.1235428236808
33.1499378540479
33.1755130502233
33.2019038754669
33.2282968614223
33.2555243259902
33.2819337281251
33.3083425852300
33.3347397827607
33.3619837801478
33.3883862645588
33.4147936668587
33.4420242589824
33.4684257616946
33.4939720700830
33.5203529634117
33.5467359865424
33.5731320848578
33.5995331504698
33.6259336650827
33.6531816885551
33.6795841762810
33.7059759064010
33.7323791382548
33.7596111993460
33.7860022752829
33.8123873365482
33.8387773893298
33.8643256006136
33.8915586552821
33.9179346350083
33.9434720612173
33.9698559503283
33.9971037511401
34.0235150463827
34.0507652710346
34.0771515202012
34.1035424494423
34.1307945050778
34.1571954820181
34.1835922089580
34.2117452714576
34.2407607047957
34.2680550418911
34.2970725349576
34.3252547901113
34.3525376810220
34.3806805530564
34.4079715863631
34.4343767864634
34.4607733614153
34.4871606000785
34.5135504719369
34.5390755208690
34.5663763699065
34.5945471750709
34.6218218487382
34.6473422957542
34.6737311782535
34.7001409419794
34.7274131971639
34.7538015456986
34.7801922164470
34.8065795081916
34.8329691326835
34.8593696485687
34.8857668139798
34.9121577506184
34.9385424043715
34.9649265305999
34.9913101293230
35.0185888599725
35.0449902697899
35.0713821377857
35.0977735121962
35.1250489578149
35.1514341581362
35.1778188324674
35.2042000734516
35.2296861810170
35.2560592424721
35.2824378514222
35.3088189575499
35.3352025583437
35.3615886710691
35.3888847671657
35.4161876276617
35.4425801740794
35.4689679669507
35.4953503677350
35.5217322304903
35.5481025615584
35.5744680765603
35.6008452969960
35.6272250588259
35.6536184809745
35.6809172436445
35.7072962737084
35.7336718254312
35.7600498037163
35.7873350565385
35.8137099540697
35.8391628387912
35.8655325484663
35.8919081477292
35.9182885459687
35.9446609409354
35.9710285701733
35.9974020750486
36.0237782840924
36.0501539442580
36.0774707108186
36.1047706118150
36.1311304900181
36.1565624810981
36.1838583338815
36.2102359996360
36.2366260735903
36.2629995051733
36.2893443058219
36.3147646842828
36.3411278410850
36.3675031409109
36.3948161685458
36.4211799565193
36.4475401792516
36.4739105337692
36.5012361923100
36.5285660038396
36.5558729666878
36.5813030421457
36.6076595337970
36.6340232227782
36.6603842063374
36.6867292560767
36.7121418483064
36.7394465669117
36.7658161950918
36.7931496570958
36.8195084272261
36.8448942972679
36.8712371016620
36.8966166925248
36.9229714430344
36.9512761368076
36.9766869423056
37.0040027149503
37.0313250286828
37.0567181256852
37.0820959839496
37.1084324513629
37.1347873250264
37.1611383324641
37.1884576058190
37.2148182379882
37.2411816223517
37.2675505056566
37.2948824388883
37.3212353311459
37.3475813898216
37.3749031944394
37.4012555942504
37.4276074450865
37.4539489082302
37.4802865339613
37.5066302308805
37.5320021780119
37.5583437636016
37.5846848371118
37.6120350386433
37.6384072235376
37.6657368651127
37.6920936649772
37.7184500162696
37.7457702000105
37.7711223012692
37.7974449925503
37.8237774841853
37.8501289093764
37.8764832488337
37.9028198890501
37.9291491263772
37.9554778159103
37.9818231708226
38.0081715235421
38.0345193669562
38.0608597427044
38.0872019465527
38.1145543352239
38.1419005375950
38.1682233318595
38.1945537326594
38.2198750565764
38.2462092574658
38.2725393728873
38.2988857472250
38.3262279151037
38.3525679445031
38.3789214723664
38.4052604753875
38.4316037060040
38.4589399596621
38.4852713194844
38.5105868594532
38.5369208973283
38.5642609136281
38.5905912186024
38.6169101550996
38.6422179203055
38.6685564784740
38.6959205798984
38.7222575736052
38.7496055066269
38.7769666853268
38.8033005536193
38.8296408266767
38.8559632997973
38.8822817845840
38.9075557538460
38.9328520600633
38.9602020319281
38.9865279714576
39.0128641029127
39.0391818338673
39.0654990462826
39.0918121726653
39.1191752489643
39.1455100407373
39.1718396102732
39.1981623971761
39.2244873020735
39.2508064155279
39.2771350221140
39.3044885418347
39.3308023689707
39.3571192735295
39.3834392650992
39.4097670480859
39.4360814485667
39.4623849596496
39.4876613739824
39.5150241832090
39.5413374321142
39.5686984622901
39.5939769126997
39.6202947509038
39.6476623560577
39.6739703813157
39.6992328300045
39.7265842512490
39.7529092427541
39.7792262017417
39.8055426535688
39.8329465863206
39.8603274071043
39.8866404297275
39.9129492045014
39.9392461774430
39.9655398971689
39.9907724754684
40.0160047449344
40.0422771628999
40.0696854876476
40.0970818404506
40.1244835034023
40.1508029386046
40.1771074067114
40.2033959059506
40.2296954461344
40.2559877066039
40.2812245281296
40.3086083301069
40.3349212421927
40.3612220526999
40.3875145774156
40.4137949205782
40.4400863582369
40.4653056275544
40.4916066836351
40.5179072264322
40.5452817927431
40.5715861999756
40.5979086391382
40.6253067483123
40.6516054668123
40.6779009226272
40.7052875093793
40.7315945987147
40.7579051520386
40.7831084539435
40.8093896750402
40.8356770430697
40.8619727518350
40.8893637083283
40.9167569924679
40.9419661663321
40.9682488685643
40.9956570462868
41.0219761076384
41.0482631321337
41.0745334393313
41.1008039841318
41.1259788082199
41.1522697596765
41.1785512350976
41.2048292134017
41.2311185988902
41.2585228218002
41.2848198887052
41.3122264368445
41.3385306352089
41.3637041286347
41.3899873596271
41.4173880900201
41.4447974065338
41.4710780368925
41.4962427317527
41.5225242791224
41.5476883109100
41.5739502246996
41.6013336797332
41.6276241558691
41.6539111475008
41.6802103156713
41.7065129789253
41.7339251516684
41.7613409927794
41.7876231077742
41.8138942368208
41.8401596025193
41.8664440772856
41.8927306646318
41.9190219163046
41.9464250349994
41.9715715362966
41.9989794719537
42.0252659834900
42.0515479276359
42.0789736687624
42.1052443392809
42.1303925470278
42.1577873135979
42.1840489264213
42.2080256312536
42.2354165051959
42.2616891759207
42.2880076140779
42.3165975459205
42.3440434228421
42.3691603289203
42.3954101867499
42.4205295001029
42.4479425446877
42.4742140397898
42.5005030532798
42.5267875905092
42.5530535131778
42.5793147678108
42.6055614385580
42.6317870916177
42.6568889335044
42.6831619526742
42.7094277742635
42.7368665781759
42.7631547775690
42.7905903958058
42.8180228541610
42.8431063189576
42.8681650270101
42.8944057372917
42.9206625494132
42.9469377235839
42.9743911355101
42.9994847246047
43.0257453585462
43.0519971551659
43.0794238750680
43.1057039784062
43.1331542067444
43.1605880290232
43.1868727527508
43.2143222916616
43.2405825047823
43.2668421978434
43.2930888588492
43.3181467281922
43.3443827559061
43.3706299191811
43.3968903834096
43.4231386025673
43.4493948391648
43.4744662523588
43.5007079736282
43.5269395633689
43.5531790471402
43.5794264195681
43.6068657701574
43.6343311274799
43.6606286035882
43.6868801436088
43.7131398714869
43.7405839340164
43.7680393159937
43.7943071026433
43.8205535408713
43.8467960675136
43.8730545539710
43.8993125692471
43.9267721141530
43.9530168838053
43.9792469237274
44.0054987579820
44.0317527968506
44.0580161857099
44.0854764484003
44.1117467135085
44.1404618768781
44.1691746716197
44.1954315379969
44.2216652065844